1096
1
1
7028
1837
2598
4798
4795
1857
8597
8495
2075
5736
8526
1452
3497
1437
5072
3794
7045
1352
1742
1524
4025
7593
7456
1237
4826
7398
1347
2057
1573
4037
5426
2736
3087
1248
3297
5476
4075
1584
7052
1357
4597
1852
3597
2546
1245
3826
2893
2054
5486
2398
7346
1753
2795
7286
3024
8392
5073
1482
2895
3048
8794
1842
1253
7894
1438
1785
8043
2594
7436
1823
3052
1538
1382
3027
5037
3246
7586
2493
5326
3298
2058
4286
8456
5794
1342
1754
8726
8294
2593
5043
1287
1378
5032
5897
4035
4276
3492
4376
7085
4085
1435
8037
2397
8057
2495
4293
7395
2386
1348
5746
4023
1428
7495
8297
3075
3598
1732
5398
1328
5498
8054
3746
1734
7294
3078
4256
1728
7083
4032
3028
8346
4297
8032
4395
7598
3072
1324
5048
8034
7025
2394
2038
7293
2597
7836
3846
7392
3495
7893
8024
3047
7498
2786
7892
7034
7038
1275
3054
7493
4027
5497
5876
1457
3286
8053
1285
7426
3025
1458
1325
4792
1537
1432
2045
1345
8436
5028
1358
1354
7326
5826
4726
5376
1843
4072
3756
7492
1478
2085
5024
8045
4087
8042
5297
7054
3594
1472
2498
1483
5726
4598
5436
1532
7032
4058
1783
3082
3786
7895
8246
4593
4398
4298
3894
5084
2395
3045
2486
2856
4836
3892
3856
7058
3592
7536
2035
5892
2346
8593
4786
3295
2846
5298
7298
8476
1782
3876
1385
5846
7826
7546
1758
1738
2456
2836
2798
7043
1473
2794
1583
3526
2376
8074
2876
1582
1875
1724
4897
8497
5798
2476
8047
8027
4793
4057
8326
2576
8075
4053
5492
1743
7084
5038
5786
7035
7592
4576
7486
4073
2037
3057
1487
3498
3576
4536
4083
3895
8073
8236
1523
8276
8592
7082
1825
5493
4876
3426
3586
2048
2083
8072
1427
7356
8395
3795
1375
1238
1485
1735
5893
5074
5836
1745
1578
1283
1827
1824
2793
2497
2436
2084
8397
7846
1723
4052
3058
1872
2586
1784
3792
2894
1527
2074
1748
2053
8492
3294
8576
1423
5083
8746
8035
7526
1547
1453
5294
4326
8594
5392
3486
1543
1384
5236
4526
7394
5346
7594
8795
5023
8792
8736
8546
8756
8493
2047
4295
1243
1873
1425
5027
3074
8356
4756
3546
3456
5793
1853
1534
1874
4893
5397
8793
1752
4856
8023
1854
7856
1835
4895
5286
4392
1258
2073
3726
2078
2536
5394
1234
8295
3042
1574
1284
1475
7023
5792
3276
8025
5276
4356
5246
8376
3476
7236
4736
4586
1572
1278
1374
4397
7053
1372
2746
2034
7042
4082
1257
1845
7386
2897
8536
1542
3897
2756
1528
5087
3256
4386
8426
1327
5894
2087
7295
1587
4236
8052
8256
1832
5034
5386
1847
4078
1834
5042
4592
7246
3085
5047
4038
1247
8394
7256
1254
8293
1274
1725
3084
5082
1548
4892
1235
1387
2356
1273
4028
5293
3798
2043
7024
5078
7048
